Long	Lat	Na14	Ho14
11.08	37.7	1.7	0.53
11.59	37.49	1.85	0.37
16.42	43.5	1.46	0.46
32.44	34.73	2.61	0.51
9.09	41.42	2.2	0.3
23.93	37.72	2.3	0.31
26.22	39.39	1.7	0.31
23.73	37.86	1.6	0.3
15.77	39.85	2.85	0.39
16.05	39.15	2.77	0.45
15.64	38.12	2.08	0.47
15.57	38.21	2.08	0.61
15.19	37.29	3.39	0.5
12.33	37.91	3.0	0.65
12.43	37.81	2.92	0.52
13.08	37.5	2.85	0.48
11.92	36.83	4.23	0.51
15.98	37.91	2.85	0.4
17.15	39.09	2.31	0.34
16.96	39.5	1.54	0.15
12.47	37.88	2.08	0.48
12.45	37.84	3.23	0.59
12.45	37.84	3.69	0.51
12.49	37.99	3.0	0.54
8.2	40.58	2.08	0.41
9.15	44.35	2.85	0.37
9.7	40.92	2.31	0.4
10.43	43.36	2.92	0.45
11.8	42.06	2.69	0.45
13.43	40.79	3.0	0.43
15.11	40.17	3.92	0.45
13.89	40.76	2.15	0.51
15.22	38.22	2.92	0.47
15.12	36.74	3.08	0.42
18.5	40.16	2.46	0.34
0.13	38.85	2.77	0.36
15.76	39.9	2.85	0.42
14.45	35.81	3.31	0.46
14.58	35.85	2.54	0.35
13.68	45.56	1.31	0.24
-1.99	36.82	2.31	0.39
0.01	38.62	2.77	0.51
0.05	38.63	2.92	0.47
2.84	41.69	2.0	0.32
3.19	42.21	2.46	0.3
3.3	42.3	2.69	0.53
1.41	38.75	2.62	0.42
1.46	38.74	2.31	0.37
2.93	39.15	1.92	0.34
2.94	39.16	2.23	0.38
2.94	39.16	2.39	0.31
10.53	36.01	2.0	0.33
10.31	36.77	4.08	0.51
27.77	40.4	1.62	0.42
26.27	40.06	1.62	0.28
26.86	39.53	1.77	0.21
